35
16 1 12
16 5 9
11 4 9
10 5 1 9
10 2 3 1 9
10 1 2 2 9
10 2 5 9
10 5 10
6 2 6
5 7 1 7 5
4 10 1 10 4
4 4 15 4 4
4 3 5 1 11 4
3 2 2 2 2 2 3 2 3
3 4 5 1 12 3
3 5 15 5 3
3 19 7 3
3 7 10 6 3
3 6 8 5 3
2 7 10 6 2
2 20 8 2
2 11 11 2
2 9 5 9 2
2 8 9 8 2
2 7 11 7 2
2 6 14 6 2
2 5 4 3 5 5 2
2 3 5 1 1 1 5 3 2
3 1 1 1 2 1 1 1 2 3
10 1 1 1 1 1 1 1 10
11 2 3 3 11
10 1 9 1 10
10 1 1 1 1 10
35
9 9
35
35
19 7
13 7 6
10 14 6
9 17 6
8 18 6
8 4 13 6
8 3 11 6
8 2 9 7
3 3 3 5 2 1 1
2 3 4 3 3 5 3
2 2 2 9 3 4 1 1
2 1 1 13 11
2 1 1 3 7 3 1 1
2 1 1 11 4 1 1 1 1
2 2 1 1 6 5 1 2 1
2 1 5 7 10 1
1 2 1 1 6 5 2 1
1 2 11 4 3 1 1
1 1 3 7 4 2 1
2 1 9 3 11
1 1 8 2 4 1 1
1 1 2 4 2 2 5 3
1 4 8 4 3 1 1
1 1 2 3 2 6 7
8 17 7
8 4 13 6
8 18 6
9 17 6
10 14 6
13 7 6
19 7
35
35